1580026320640	2310	8846	6083	7010
1580026320900	12529	8719	13459	6844
1580026320901	27296	21094	23781	30656
1580026320902	15403	16500	16552	19388
1580026320903	17278	14081	22409	14479
1580026320904	8632	8398	13952	11628
1580026320908	4718	2545	8455	760
1580026320909	32962	29921	27870	38715
1580026320910	14166	15230	24286	22319
1580026320911	24084	20493	24817	35655
1580026320912	27032	22346	40533	23958
1580026320913	12419	24899	26680	31165
1580026320914	20882	11118	12957	19439
1580026320915	13646	16498	13454	8125
1580026320916	19316	20876	18007	22822
1580026320917	16702	22476	13890	13189
1580026320919	6684	12692	9115	15596
1580026320920	25761	16039	29504	12145
1580026320921	16625	19697	12369	28059
1580026320922	25247	20946	16288	17619
1580026320924	23914	14141	28741	20085
1580026320925	23639	16873	13790	21244
1580026320926	25168	32975	28892	19900
1580026320927	10105	28160	21709	15168
1580026320928	17399	13111	19918	23386
1580026320929	31439	30213	32212	18992
1580026320930	25371	19462	20362	24287
1580026320931	20801	25399	28248	22232
1580026320932	18047	22656	31912	21746
1580026320933	22889	8820	24388	11680
1580026320934	16671	27522	4820	17655
1580026320935	22170	17765	31445	31671
1580026320936	8816	7099	13726	9683
1580026320937	25367	17470	14909	11270
1580026320938	17531	25511	23445	28915
1580026320939	13458	15221	15490	24073
1580026320940	16436	6335	12114	14482
1580026320941	41239	29524	32231	34182
1580026320942	35430	30756	16902	45898
1580026320943	47782	52619	51345	32518
1580026320944	40745	33018	21397	46347
1580026320945	38903	44618	40862	30566
1580026320946	52554	44274	41375	33098
1580026320947	58050	44237	55360	38555
1580026320948	19151	40092	38418	33229
1580026320949	23316	28496	19591	15349
1580026320950	24126	28218	38562	19882
1580026320951	9117	12651	4947	2607
1580026320952	16636	21762	17986	24070
1580026320953	39353	27378	37744	36302
1580026320954	22929	29232	28146	21742
1580026320955	35308	16759	21521	28352
1580026320956	31445	15954	29056	26794
1580026320957	38354	31911	40735	31851
1580026320958	13222	30137	23632	19913
1580026320959	31604	32375	24787	18879
1580026320960	43071	42409	37911	43585
1580026320961	29197	37916	35305	26460
1580026320962	23631	30859	27557	40336
1580026320963	19060	23997	16201	34887
1580026320964	21675	20262	21318	28293
1580026320965	30236	41416	38672	28989
1580026320966	26142	43356	26017	37320
1580026320967	29978	38211	30735	27382
1580026320968	21127	21767	21582	28600
1580026320969	19182	33586	20353	32649
1580026320970	32641	26564	23286	31411
1580026320971	20678	28503	37556	34630
1580026320972	31157	29792	31658	25725
1580026320973	34203	29453	36862	31777
1580026320974	23633	28118	34365	27615
1580026320975	22893	33693	21423	35603
1580026320976	26942	33628	43233	27148
1580026320977	41690	32439	28947	53506
1580026320978	23060	28429	39795	33807
1580026320979	23756	22761	27543	29997
1580026320980	35606	27659	26054	39979
1580026320981	26173	31390	46451	35237
1580026320982	33356	41884	40389	28159
1580026320983	30154	32768	22394	35629
1580026320984	30295	25645	34548	40746
1580026320985	37515	28494	34426	24379
1580026320986	26443	24555	28921	28015
1580026320987	30675	37740	34032	31614
1580026320988	50728	32067	40016	47242
1580026320989	31389	31775	22540	19521
1580026320990	35865	38397	35282	24311
1580026320991	24420	44359	30853	40123
1580026320992	29015	39669	35888	30120
1580026320993	30364	20742	24820	24236
1580026320994	34713	41773	51186	63013
1580026320995	57752	48954	44458	46322
1580026320996	56740	40309	41602	48804
1580026320997	40774	30658	35298	44204
1580026320998	55879	51654	52597	47049
1580026320999	45021	66530	47975	59102
1580026321000	42303	43133	59213	56613
1580026321001	63904	58649	64524	29996
1580026321002	67437	58153	61125	78091
1580026321003	66235	70081	74160	55416
1580026321004	65975	57186	65734	70136
1580026321005	53756	59480	57885	65771
1580026321006	80823	66842	65485	66658
1580026321007	69936	51346	75830	73235
1580026321008	69258	35090	54712	74013
1580026321009	56286	62445	60182	60634
1580026321010	69783	70906	67932	70165
1580026321011	76208	92716	83139	76588
1580026321012	77488	65272	67986	72648
1580026321013	75296	63584	79315	66885
1580026321014	76210	75528	90470	72738
1580026321015	77054	61896	56794	58461
1580026321016	85511	58293	92936	83534
1580026321017	53748	97743	60807	77326
1580026321018	69487	49347	74979	71952
1580026321019	76309	43420	53355	67489
1580026321020	79912	64328	87453	73314
1580026321021	49894	94432	61012	76441
1580026321022	69842	71064	69404	70516
1580026321023	79667	62349	71927	98103
1580026321024	67335	78215	55456	55673
1580026321025	58170	59742	57143	53478
1580026321026	37398	45598	38291	36176
1580026321027	52040	59880	58333	74353
1580026321028	80104	83443	84989	72827
1580026321029	50494	62571	64212	63267
1580026321030	65932	96478	92612	58495
1580026321031	82377	63810	77410	70264
1580026321032	63163	72104	81292	68919
1580026321033	82790	91738	74155	89687
1580026321034	88666	72065	91806	84331
1580026321035	51211	47549	65924	60053
1580026321036	86699	98962	93545	81447
1580026321037	98273	86326	104016	87450
1580026321038	82522	85463	76602	107364
1580026321039	110584	70216	70833	86563
1580026321040	111777	79131	79666	106200
1580026321041	73768	86116	93005	91947
1580026321042	86367	126254	118298	113013
1580026321043	68480	63072	72403	62499
1580026321044	87517	94374	85853	87984
1580026321045	116081	86115	77400	119926
1580026321046	106763	106268	106488	107558
1580026321047	95976	96529	103762	90704
1580026321048	123213	109155	121620	100107
1580026321049	119481	98069	109696	90816
1580026321050	49174	95677	84733	74726
1580026321051	16784	21283	14919	8139
1580026321052	33536	16095	31291	29550
1580026321053	139804	137665	128953	134042
1580026321054	118477	155638	141080	148292
1580026321055	112457	101451	100063	91520
1580026321056	23160	31030	18587	26124
1580026321057	71902	81120	78203	76803
1580026321058	109381	123813	95745	130913
1580026321059	107245	125407	114513	100297
1580026321060	135310	119718	136831	92851
1580026321061	107326	110354	138473	112741
1580026321062	113539	99658	122620	121379
1580026321063	122512	121739	131396	123024
1580026321064	132186	133876	117660	116773
1580026321065	127017	144067	142732	103589
1580026321066	142576	123606	136572	141936
1580026321067	147716	138434	125352	120507
1580026321068	126288	137006	128198	127533
1580026321069	127182	125361	159593	128350
1580026321070	119522	136223	107039	132987
1580026321071	220199	206359	217503	215829
1580026321072	214047	239671	211155	203755
1580026321073	227470	197377	195096	199071
1580026321074	150524	129240	112525	157577
1580026321075	239733	220703	196188	240839
1580026321076	192634	199286	244403	214510
1580026321077	218022	228570	236376	224458
1580026321078	101141	122874	109688	111160
1580026321079	100053	114849	99581	100090
1580026321080	142931	171675	124133	135493
1580026321081	231732	251988	256277	232046
1580026321082	204408	239873	236574	266645
1580026321083	238488	272636	261468	249394
1580026321084	297520	236122	268707	231644
1580026321085	235965	273154	207383	219588
1580026321086	235813	280110	213811	276622
1580026321087	222410	238000	271237	224893
1580026321088	127511	130705	144208	114826
1580026321089	146232	140190	152539	130957
1580026321090	110805	130483	137433	126093
1580026321091	229380	271386	236097	223785
1580026321092	201881	197205	242047	182754
1580026321093	213141	204561	195769	185436
1580026321094	258946	308407	301512	266427
1580026321095	269081	277593	261593	260369
1580026321096	230886	311331	253307	284079
1580026321097	252688	263112	259726	283607
1580026321098	173067	196806	188835	188880
1580026321099	155152	155334	185023	167675
1580026321100	129083	109656	149190	140247
1580026321101	158317	162357	155180	164436
1580026321102	126005	157197	140794	161216
1580026321103	260226	218740	210093	225162
1580026321104	208700	253895	233170	229171
1580026321105	189404	184175	214171	169125
1580026321106	290753	244317	262109	257272
1580026321107	276711	266121	255322	248376
1580026321108	194219	160068	167815	198543
1580026321109	154053	180145	166658	161767
1580026321110	199573	188996	176390	152617
1580026321111	181766	186205	206455	196676
1580026321112	152897	152457	157797	131030
1580026321113	133528	162754	146624	153664
1580026321114	155886	164925	150797	136405
1580026321115	241494	276353	247302	225913
1580026321116	167709	154964	158372	145644
1580026321117	161922	132686	143794	154466
1580026321118	130648	114261	125913	96438
1580026321119	131315	149291	157840	137432
1580026321120	145613	156312	148232	159352
1580026321121	140113	163017	180875	140364
1580026321122	172058	162290	161791	138652
1580026321123	244688	265536	255401	238574
1580026321124	279163	275139	245044	260685
1580026321125	314755	285357	309235	276598
1580026321126	308702	277108	285619	259291
1580026321127	270568	231551	222533	217358
1580026321128	265862	244508	250447	193163
1580026321129	54142	74163	77227	75714
1580026321130	276538	230565	233961	259064
1580026321131	204088	207836	186448	164869
1580026321132	182103	141525	181044	153340
1580026321133	168843	162354	166467	144061
1580026321134	139428	152560	166043	165661
1580026321135	161172	154462	145707	140686
1580026321136	166601	154918	192354	156556
1580026321137	147418	180781	138359	138948
1580026321138	182310	170339	160973	167800
1580026321139	158491	174694	166898	164242
1580026321140	172153	164894	181453	193626
1580026321141	160255	172517	168360	191817
1580026321142	184226	193652	193058	183567
1580026321143	261617	296358	264463	254544
1580026321144	251550	296429	271840	278875
1580026321145	263156	238048	256461	263204
1580026321146	199088	154235	172485	181067
1580026321147	157018	175764	194821	177879
1580026321148	235887	239268	254963	243700
1580026321149	290860	311399	272512	272409
1580026321150	301085	270035	270415	280386
1580026321151	267385	242474	257926	233538
1580026321152	203834	168856	176067	189538
1580026321153	228004	175991	242497	190751
1580026321154	313760	276678	262847	272769
1580026321155	269862	236939	224871	272028
1580026321156	152600	188353	173179	192178
1580026321157	179860	187952	158446	173333
1580026321158	183437	183595	172804	162589
1580026321159	269610	243562	243701	239557
1580026321160	298127	327503	287386	262325
1580026321161	241814	283484	287066	292655
1580026321162	282098	304937	290642	287858
1580026321163	245743	278646	256044	281816
1580026321164	279083	273630	304717	300478
1580026321165	297040	278568	301627	297421
1580026321166	333089	254463	251509	286582
1580026321167	274799	293293	287352	287019
1580026321168	276791	258003	346158	300507
1580026321169	281966	292509	297067	292704
1580026321170	321345	349070	269820	303704
1580026321171	255794	235933	206316	251471
1580026321172	158526	198859	184589	169110
1580026321173	199696	151489	171115	173892
1580026321174	180976	163466	167173	174872
1580026321175	175494	147147	176305	202162
1580026321176	206694	180335	182766	195891
1580026321177	170764	172366	189861	179684
1580026321178	177673	137956	176613	175388
1580026321179	169213	182247	154581	159301
1580026321180	186976	156609	189840	188181
1580026321181	225637	178315	205166	206341
1580026321182	242483	213783	265637	235867
1580026321183	163074	155650	148032	162183
1580026321184	46713	73748	43121	65332
1580026321185	83085	95192	56282	76131
1580026321186	189386	165830	164227	158459
1580026321187	183630	165725	185775	175380
1580026321188	205096	166138	217823	179636
1580026321189	113706	142983	123429	136810
1580026321190	125760	128483	112855	127020
1580026321191	335877	296583	269919	300589
1580026321192	244861	236455	206247	248726
1580026321193	193769	178434	162751	190940
1580026321194	165406	115248	146319	141204
1580026321195	163301	175021	182690	194298
1580026321196	152139	178206	136769	145767
1580026321197	177791	138405	175603	176474
1580026321198	211235	191808	165167	149711
1580026321199	173814	162954	164622	157756
1580026321200	190612	170469	173939	202124
1580026321201	174850	156170	181694	213404
1580026321202	189520	195421	194003	174609
1580026321203	159870	143478	154353	172901
1580026321204	148504	155915	109454	145823
1580026321205	118196	168036	122693	138693
1580026321206	173358	181902	171509	156279
1580026321207	152602	156861	144101	165411
1580026321208	154411	177570	168708	175185
1580026321209	195941	161077	183877	190316
1580026321210	171545	160707	139298	166348
1580026321211	127574	158251	179061	162094
1580026321212	205060	186296	203174	186682
1580026321213	269360	276076	235379	246685
1580026321214	197818	191534	201001	204310
1580026321215	188716	183808	192319	186801
1580026321216	185417	161217	173563	179983
1580026321217	193375	163847	204840	194080
1580026321218	181646	171429	196481	192495
1580026321219	202548	209381	190795	194088
1580026321220	174505	213055	151779	173993
1580026321221	207884	151407	184912	187404
1580026321222	189835	186053	181030	178664
1580026321223	211533	248309	229510	205497
1580026321224	324045	270588	264212	273440
1580026321225	88299	81618	75631	89736
1580026321226	79368	82897	84675	73032
1580026321227	61878	50417	44800	73495
1580026321228	76646	72200	77001	71606
1580026321229	97557	95908	88831	111227
1580026321230	106067	105708	109074	96830
1580026321231	101411	136745	117084	84418
1580026321232	129312	103383	111662	131324
1580026321233	86765	67398	94271	83301
1580026321234	73358	74774	74494	55485
1580026321235	48377	54453	79594	60349
1580026321236	58894	62236	77781	58311
1580026321237	57774	72249	60543	81117
1580026321238	59955	53751	45945	50764
1580026321239	66873	62091	56099	77872
1580026321240	70326	69466	63316	60511
1580026321241	68463	61986	53903	59931
1580026321243	81005	66160	71724	76835
1580026321244	136740	142478	100305	106562
1580026321245	120449	111550	120757	129384
1580026321246	81068	104207	91532	88533
1580026321247	109560	102757	114928	105921
1580026321248	119243	116194	89264	105053
1580026321249	104380	100935	115883	102277
1580026321250	123180	114658	118843	90130
1580026321251	80444	82474	77461	86426
1580026321252	72752	40041	60897	76143
1580026321253	70984	85505	53318	65473
1580026321254	127012	131508	107783	100851
1580026321255	120906	134049	118545	110664
1580026321256	99065	86615	123143	116138
1580026321257	112880	89263	104092	103413
1580026321258	115415	137957	122030	73443
1580026321259	96551	97048	100222	115987
1580026321260	98035	86630	93833	83005
1580026321261	62670	61499	55378	67357
1580026321262	54085	74095	68545	79915
1580026321263	47547	58951	54464	68992
1580026321264	54424	63699	55675	54207
1580026321265	59950	67739	56235	41356
1580026321266	64557	60723	46221	50223
1580026321267	73860	68852	76033	72013
1580026321268	63854	46449	47041	57417
1580026321269	65746	56068	69578	40606
1580026321270	72712	84390	63576	62887
1580026321271	79777	70076	57200	71490
1580026321272	70179	76136	73078	87010
1580026321273	48742	59459	62158	59746
1580026321274	60259	54071	43199	75670
1580026321275	54577	70072	67704	45398
1580026321276	56360	47320	53956	54894
1580026321277	53992	68402	66308	56867
1580026321278	55621	53394	58461	44811
1580026321279	71354	55871	57364	52739
1580026321280	48776	74865	71358	57065
1580026321281	53095	51802	61825	62618
1580026321282	64605	59484	74039	58139
1580026321283	60545	56956	69625	51968
1580026321284	74179	43420	66752	92756
1580026321285	58251	56958	61434	61107
1580026321286	67292	63559	58011	59671
1580026321287	66492	47770	49896	59242
1580026321288	74244	65116	59156	45424
1580026321289	80968	42436	71383	65688
1580026321290	59219	57104	47178	66615
1580026321291	84583	77808	70039	58332
1580026321292	85671	75128	86326	65051
1580026321293	109690	98991	116790	106426
1580026321294	76495	42423	60819	73245
1580026321295	50429	58543	71435	45842
1580026321296	36323	57074	60851	51546
1580026321297	36028	64248	55529	63987
1580026321298	70749	43410	65278	50538
1580026321299	57414	55946	54827	66896
1580026321300	78799	54811	78498	65753
1580026321301	65587	72276	67638	61242
1580026321302	55382	54896	61870	68968
1580026321303	73157	78021	81656	78200
1580026321304	63280	69940	60137	60240
1580026321305	57238	67804	55561	63889
1580026321306	68443	68530	54461	73750
1580026321307	76754	54229	62141	63037
1580026321308	65308	52688	40405	54956
1580026321309	80090	105428	71494	83052
1580026321310	76092	72620	60080	89310
1580026321311	47615	76283	60190	57862
1580026321312	88621	70214	54651	45134
1580026321313	62792	50630	71930	59781
1580026321314	76038	62711	80781	69703
1580026321315	22289	19501	25906	24421
1580026321316	19850	32724	17080	25050
1580026321317	53639	55533	53383	46641
1580026321318	82903	45316	56725	56778
1580026321319	58738	60504	55004	31810
1580026321320	55813	64044	73813	73891
1580026321321	59085	71265	66481	79417
1580026321322	37848	73356	55737	51294
1580026321323	33885	38951	38582	33410
1580026321324	68715	71414	67968	73705
1580026321325	63819	51299	61055	63743
1580026321326	70099	70408	49695	57480
1580026321327	51547	53770	72021	59049
1580026321328	66835	99569	63606	91945
1580026321329	54412	42868	45261	59579
1580026321330	72038	46861	44439	71738
1580026321331	64508	68024	50241	53576
1580026321332	77998	65569	78518	55649
1580026321333	70045	85624	62989	61581
1580026321334	68878	67130	52767	56735
1580026321335	50372	86202	77932	64474
1580026321336	82145	65119	83167	71624
1580026321337	74233	63791	52361	40920
1580026321338	60553	50455	69819	58625
1580026321339	61414	70688	56625	48431
1580026321340	43593	50943	85687	61210
1580026321341	53135	40324	61753	77170
1580026321342	69912	59608	58472	50860
1580026321343	79431	77696	54356	57105
1580026321344	67923	61693	66821	52667
1580026321345	88088	53449	58548	61340
1580026321346	85974	72176	79730	60100
1580026321347	111218	111023	105164	116994
1580026321348	138041	123028	108937	119624
1580026321349	110319	115808	96930	101180
1580026321350	137040	108111	121179	114114
1580026321351	107021	117540	118841	141046
1580026321352	112406	101731	103024	134072
1580026321353	120912	92265	101690	127905
1580026321354	83359	71037	84317	88207
1580026321355	36195	70637	42159	63978
1580026321356	59458	79226	57005	62856
1580026321357	89893	94090	92586	74729
1580026321358	74980	81898	90551	78205
1580026321359	59296	77294	53353	74462
1580026321360	65534	71408	63953	56197
1580026321361	58794	61961	69212	63033
1580026321362	52689	84856	71322	87282
1580026321363	110163	124118	128110	127245
1580026321364	124586	109678	115158	117606
1580026321365	120885	116250	99659	143906
1580026321366	149087	114002	145299	127839
1580026321367	103863	110868	120119	127445
1580026321368	105443	96367	88338	103735
1580026321369	81520	75826	77819	78261
1580026321370	115928	112523	124894	109059
1580026321371	120910	132112	112116	122860
1580026321372	230409	279063	309404	276094
1580026321373	306499	275759	313121	271395
1580026321374	315122	247599	289171	278479
1580026321375	310216	336727	253310	290983
1580026321376	308704	292717	280551	296124
1580026321377	329844	290928	339464	323823
1580026321378	269006	233900	261101	268500
1580026321379	385584	289636	321242	287693
1580026321380	275276	259967	288933	255194
1580026321381	301506	262424	331318	327192
1580026321382	288229	313033	317561	297082
1580026321383	286344	285459	343695	295289
1580026321384	291683	286606	287171	269996
1580026321385	322620	284763	327694	296328
1580026321386	278728	314114	266406	280666
1580026321387	421056	397300	421324	450983
1580026321388	476393	515900	483192	455764
1580026321389	530461	605348	579970	574281
1580026321390	306147	342340	335367	298278
1580026321391	272135	312007	291851	281309
1580026321392	286405	274601	291692	276441
1580026321393	291149	297026	316659	299150
1580026321394	299813	313376	294617	276339
1580026321395	270748	328277	296940	274410
1580026321396	279983	270888	293368	316873
1580026321397	237045	231447	222768	227154
1580026321398	472247	465918	450352	434843
1580026321399	497527	502561	504721	524309
1580026321400	345864	361769	372816	362369
1580026321401	417486	336030	304012	346647
1580026321402	329903	334624	298827	322914
1580026321403	311572	288580	308511	297458
1580026321404	247643	246481	220333	249093
1580026321405	167228	184518	178219	149059
1580026321406	152135	142750	160933	189115
1580026321407	270767	237517	278791	251363
1580026321408	189160	177410	202538	204587
1580026321409	172224	217216	216430	159124
1580026321410	286882	303102	279924	300426
1580026321411	311802	243783	333954	313300
1580026321412	302704	304511	308381	246791
1580026321413	336730	366826	389716	383408
1580026321414	331368	332177	299982	273113
1580026321415	272564	263328	309939	296300
1580026321416	276569	251734	276727	301316
1580026321417	265479	267031	284127	242221
1580026321418	323934	244087	298410	260300
1580026321419	294470	305435	257465	265932
1580026321420	308310	291383	302978	288105
1580026321421	306070	333132	350837	331747
1580026321422	273130	301242	320400	246255
1580026321423	316301	283791	284744	267935
1580026321424	334656	313798	326931	326895
1580026321425	297609	321871	317799	325224
1580026321426	263726	301717	273843	296276
1580026321427	319459	290331	293587	329842
1580026321428	215936	246416	233426	258427
1580026321429	175092	156190	191267	182450
1580026321430	171110	197998	183117	191531
1580026321431	30832	41555	22382	24454
1580026321433	19724	21704	38343	33242
1580026321434	177847	193345	197449	176821
1580026321435	181384	177380	235369	201788
1580026321436	160850	228470	202743	192799
1580026321437	284513	287711	293068	315715
1580026321438	260857	277424	293818	309094
1580026321439	256607	279526	240571	284932
1580026321440	306607	292254	280202	277461
1580026321441	326206	357987	331566	346899
1580026321442	359436	302752	293162	322520
1580026321443	318737	307700	312314	309069
1580026321444	299098	302441	276047	243555
1580026321445	207506	217752	275396	201688
1580026321446	236444	200183	234085	242002
1580026321447	198533	149267	165892	205114
1580026321448	42272	32747	25509	36828
1580026321449	236285	266613	262440	169569
1580026321450	328934	317776	359201	318074
1580026321451	311656	317349	338384	272607
1580026321452	366088	369648	347842	397255
1580026321453	427644	475353	471031	456430
1580026321454	123406	116000	141124	125106
1580026321455	86716	55266	66223	63571
1580026321456	101756	109616	115403	119753
1580026321457	157648	149350	132924	150834
1580026321458	198433	198104	196154	194133
1580026321459	208628	159639	160053	237686
1580026321460	172572	195114	194818	163237
1580026321461	171900	220271	184122	189458
1580026321462	193853	186713	156137	212576
1580026321463	145057	144386	139298	129357
1580026321464	172496	146092	153587	169099
1580026321465	197440	184459	192074	207376
1580026321466	338961	318815	237493	286658
1580026321467	269161	275447	285867	272526
1580026321468	231305	228080	187797	245378
1580026321469	179546	187221	183887	188190
1580026321470	215566	179873	180511	187894
1580026321471	214046	233065	246886	183748
1580026321472	197682	251169	221883	228241
1580026321473	241818	270539	264687	261798
1580026321474	355782	366012	356682	350351
1580026321475	368961	333025	356938	370121
1580026321476	236506	232002	236954	256008
1580026321477	204417	200423	227395	205923
1580026321478	121628	217274	173768	182608
1580026321479	223429	223328	172322	206501
1580026321480	215442	206127	228911	209656
1580026321481	223930	187857	200614	193647
1580026321482	221766	236968	181952	243048
1580026321483	343541	316216	277811	323631
1580026321484	533370	519184	544356	466574
1580026321485	376801	386870	345002	418179
1580026321486	256868	280170	267116	252190
1580026321487	306227	300849	307241	277649
1580026321506	107118	73155	100138	87398
1580026321507	319021	307231	316704	320392
1580026321508	248805	257316	236953	238787
1580026321509	292517	261148	245458	240116
1580026321510	289822	202155	242498	236545
1580026321511	251108	259761	263370	241666
1580026321512	263532	218297	246628	240223
1580026321513	233508	271991	232030	266012
1580026321514	266194	263071	270277	264720
1580026321515	238735	249042	254061	239142
1580026321516	243089	253411	236436	248669
1580026321517	227046	258542	250278	225696
1580026321518	253979	259768	219637	219372
1580026321519	309493	242008	235095	237945
1580026321520	238423	219660	257660	245076
1580026321521	258739	250189	236771	246980
1580026321522	250464	244127	276376	226866
1580026321523	278966	266974	251957	278541
1580026321524	250487	229102	209474	254384
1580026321525	223622	292029	237152	261206
1580026321526	235966	252935	200434	206127
1580026321527	226077	208011	229439	241474
1580026321528	258005	255039	258313	253288
1580026321529	280360	277688	262405	270908
1580026321530	207178	242391	218488	220706
1580026321531	244843	220180	225510	237724
1580026321532	245470	218200	249158	198319
1580026321533	194270	202034	208692	219267
1580026321534	163953	139744	159172	107541
1580026321535	270814	264490	235636	214624
1580026321536	277113	246085	251580	248308
1580026321537	277621	282928	286189	253053
1580026321538	294140	256192	248128	266469
1580026321539	232453	233671	242044	233126
1580026321540	265840	232059	222578	246446
1580026321541	226323	215564	240779	233810
1580026321542	243352	228391	215151	237444
1580026321543	137505	169695	155603	155710
1580026321544	204884	192914	199730	224380
1580026321545	83142	96074	91284	87944
1580026321546	209975	149865	162902	182717
1580026321547	235832	264624	234780	231155
1580026321548	236085	215745	210509	256527
1580026321549	247808	215767	222535	225562
1580026321550	255638	244988	254840	267014
1580026321551	243691	250589	262363	253599
1580026321552	240371	218459	258373	252948
1580026321553	229231	245129	246731	241243
1580026321554	248292	249189	220593	213713
1580026321555	245616	220604	239030	249898
1580026321556	93802	122238	126559	123127
1580026321557	244009	261029	209585	269227
1580026321558	108987	100562	97604	117300
1580026321559	198249	194812	208418	182073
1580026321560	119458	142518	131419	146350
1580026321561	228566	198483	214195	239295
1580026321562	164308	141829	167442	154945
1580026321563	196044	206886	246024	211436
1580026321564	133565	165101	148031	153898
1580026321565	165456	149667	147541	130066
1580026321566	252935	231549	222026	219938
1580026321567	178598	214767	201007	234972
1580026321568	285648	241757	248454	247146
1580026321569	253314	215594	221280	256827
1580026321570	241717	215144	227337	246146
1580026321571	212198	227245	229154	252837
1580026321572	246542	262454	248931	242709
1580026321573	239838	228451	209590	245348
1580026321574	156547	171502	181748	212298
1580026321576	192498	203202	175972	186578
1580026321577	95017	88699	75887	70802
1580026321578	193712	149982	178283	139900
1580026321579	49091	60876	54874	54990
1580026321580	101971	106877	122911	70717
1580026321657	69591	63700	45719	57568
1580026321658	345881	316834	349139	365359
1580026321659	312389	330330	365792	395089
1580026321660	363933	353702	378092	343914
1580026321661	193801	206734	144478	161396
1580026321662	347039	318911	360877	321709
1580026321663	341347	339084	327462	369032
1580026321664	353226	360541	352610	397399
1580026321665	203946	230634	181196	195751
1580026321666	328287	318514	320038	328254
1580026321667	337227	331949	322368	382183
1580026321668	281791	309571	324687	345147
1580026321669	301100	347922	359355	366538
1580026321670	132938	146086	139617	176575
1580026321672	254754	309209	246113	294610
1580026321673	340463	379698	313042	326436
1580026321674	303069	345554	317605	347650
1580026321675	304406	344392	309128	341555
1580026321676	339377	374205	386795	335011
1580026321677	381247	339389	342894	293156
1580026321678	358417	304916	394310	387889
1580026321679	379298	324125	411181	371184
1580026321680	369915	325070	313648	339440
1580026321681	284075	289775	289868	287810
1580026321682	341980	334164	356791	335521
1580026321683	260759	269408	281218	242871
1580026321684	238822	278431	274592	278606
1580026321685	325958	315960	363421	332813
1580026321686	324609	335350	381317	367949
1580026321687	350577	354523	324776	288838
1580026321688	291193	309816	334988	323934
1580026321689	354765	411925	373612	353027
1580026321690	347774	315707	325048	339529
1580026321691	375911	367397	332424	365950
1580026321692	341988	336270	400148	384648
1580026321693	287132	294077	286034	358837
1580026321694	83883	98063	99750	73474
1580026321695	23448	21273	22508	34969
1580026321696	343383	329834	311454	313275
1580026321697	374305	296683	343322	322527
1580026321698	306174	300703	264002	281121
1580026321699	351599	320108	284658	285024
1580026321700	386472	394726	387677	323460
1580026321701	335416	337466	410416	370223
1580026321702	528163	557482	588718	540480
1580026321703	377599	351996	327789	339617
1580026321704	296226	325780	386159	307549
1580026321705	303994	337591	280186	297278
1580026321706	220755	292998	242608	285263
1580026321707	250070	296084	255673	243329
1580026321708	137118	150141	142325	170292
1580026321709	342493	370406	339707	320268
1580026321710	375304	348788	357418	387171
1580026321711	194903	204189	199081	194438
1580026321712	23826	26390	17817	22681
1580026321713	91669	84141	90704	67907
1580026321714	369763	375977	334111	389063
1580026321715	414991	463628	407086	424569
1580026321716	390539	345398	370259	361336
1580026321717	335302	335091	356382	338258
1580026321718	373062	360346	357318	413397
1580026321719	345483	366800	375314	359785
1580026321720	608495	636702	660993	611459
1580026321721	403109	406427	414008	431393
1580026321722	422914	407231	437074	472028
1580026321723	6540	2335	4833	8011
1580026321724	132315	101678	98898	99171
1580026321725	154064	197800	176396	219494
1580026321726	430721	347296	365297	372256
1580026321727	349511	371147	365832	367228
1580026321728	201922	244843	219897	219158
1580026321729	297668	330818	304030	318181
1580026321730	326771	329608	295140	330739
1580026321731	485968	458476	437557	443056
1580026321732	430831	391900	446018	422743
1580026321733	515727	539960	462126	437591
1580026321734	386702	460039	420199	435202
1580026321735	535542	539094	563547	574590
1580026321736	477433	499721	422545	443216
1580026321737	348247	348831	346401	390738
1580026321738	279519	266343	292406	302138
1580026321739	257209	282127	213142	259270
1580026321740	321642	306789	323476	368449
1580026321741	155775	120664	150403	164269
1580026321742	303380	299347	283169	292335
1580026321743	330436	346343	328875	321183
1580026321744	344107	352884	337269	329174
1580026321745	339970	373365	405451	364267
1580026321746	476246	496431	577050	558026
1580026321747	391789	398957	411569	347196
1580026321748	339458	373553	357849	381357
1580026321749	482282	473993	487679	517038
1580026321750	469408	548909	447416	507360
1580026321751	370957	328842	384276	354400
1580026321752	349498	351140	362949	374335
1580026321753	417556	395174	378207	385624
1580026321754	362980	353268	424717	403319
1580026321755	321655	347594	375740	386480
1580026321756	340263	361472	280274	335645
1580026321757	353617	392565	350425	352463
1580026321758	296709	345869	350350	316713
1580026321759	183924	144906	170985	169807
1580026321760	269601	339792	296924	286502
1580026321761	571707	540692	560771	564969
1580026321762	369295	411608	363820	364750
1580026321763	612978	578259	589034	600385
1580026321764	424047	315347	412579	381929
1580026321765	334372	362868	310583	329683
1580026321766	355696	371473	368026	348115
1580026321767	340303	345146	318087	319917
1580026321768	396607	356848	378176	355324
1580026321769	213020	179130	204991	216035
1580026321770	345910	338188	350948	333509
1580026321771	288699	329955	308369	324352
1580026321772	319694	299066	325139	363537
1580026321773	277238	306194	281741	271588
1580026321774	324244	359641	300591	335861
1580026321775	356512	356904	322155	357179
1580026321776	382346	385992	392129	342236
1580026321777	553562	557184	472591	540984
1580026321778	441981	383443	465207	425473
1580026321779	478021	473767	454408	469207
1580026321780	458611	458085	371765	482488
1580026321781	391955	346009	387810	386216
1580026321782	422797	430294	407253	375131
1580026321783	493216	510853	548145	534409
1580026321784	314237	377033	368490	367996
1580026321785	322527	285108	301259	295454
1580026321786	289799	292802	315428	325374
1580026321787	375804	325036	353290	373025
1580026321788	351405	358902	339495	354283
1580026321789	375959	313901	388419	398038
1580026321790	330261	438478	404757	353006
1580026321791	358143	401943	366145	362405
1580026321792	484380	523911	482844	530838
1580026321793	354372	318553	276760	383817
1580026321794	417578	409947	457478	416607
1580026321795	369714	392231	368501	420471
1580026321796	442622	541212	546910	532517
1580026321797	452100	454557	478492	444541
1580026321798	504556	481046	487695	430486
1580026321799	517478	458328	478986	506912
1580026321800	278484	279336	312720	278493
1580026321801	227570	180565	253629	222081
1580026321802	237809	222991	242846	245981
1580026321803	316322	271080	350841	328459
1580026321804	396870	323605	401205	401791
1580026321805	361702	349179	374556	360361
1580026321806	367110	397558	381631	404188
1580026321807	446054	363685	406053	383235
1580026321808	606847	624442	640952	650677
1580026321809	403431	373525	385803	425916
1580026321810	495271	578802	546119	471425
1580026321811	361899	313849	310615	334906
1580026321812	298928	326127	387886	371213
1580026321813	413216	365735	376637	366096
1580026321814	344065	335329	365186	388745
1580026321815	414236	371146	393490	466873
1580026321816	581884	601808	587899	551754
1580026321817	488463	449707	471875	440990
1580026321818	464282	389570	361781	400245
1580026321819	405222	399818	381723	417189
1580026321820	324487	302623	285429	327984
1580026321821	63407	80476	82821	60947
1580026321823	326922	303288	275714	298442
1580026321824	380231	390069	367980	403563
1580026321825	585596	613680	624440	673599
1580026321826	463277	459239	413897	468922
1580026321827	500398	494314	489732	443501
1580026321828	429242	519979	404545	492700
1580026321829	466190	438316	450554	471902
1580026321830	400299	383901	381664	340282
1580026321831	515565	578741	530916	532017
1580026321832	425888	444194	411678	463898
1580026321833	392427	476095	428465	415107
1580026321834	486048	486462	440910	454626
1580026321835	433795	507648	482740	470869
1580026321836	492150	436442	486070	484300
1580026321837	419467	350128	372294	372839
1580026321838	343149	328941	349035	343364
1580026321839	365878	305268	345748	353242
1580026321840	337484	299893	309848	326085
1580026321850	104084	76340	81026	99021
1580026321851	479719	445211	456788	424935
1580026321852	459373	441815	500448	394352
1580026321853	451885	405205	404243	463382
1580026321854	447785	454101	449014	455852
1580026321855	269642	259416	243063	273136
1580026321856	131944	147953	150662	150241
1580026321857	152928	168697	181992	135470
1580026321858	174715	136337	161609	181905
1580026321859	373000	291939	364767	406022
1580026321860	394468	416495	365935	416758
1580026321861	348204	364900	362922	363555
1580026321862	379781	382685	461412	424037
1580026321863	488870	473450	494236	521240
1580026321864	421365	382766	412869	382219
1580026321865	529779	478770	514517	526032
1580026321866	240190	257487	243616	243391
1580026321867	254999	231200	243133	219929
1580026321868	326367	347249	324518	340719
1580026321869	396818	351516	381477	356119
1580026321870	426458	398506	404523	453667
1580026321871	377300	316455	379897	420582
1580026321872	415973	390504	377941	381356
1580026321873	381233	319051	381817	345664
1580026321874	276600	252874	265178	314537
1580026321875	487655	502124	462957	519671
1580026321876	453070	451332	435384	407073
1580026321877	507375	502091	493593	489108
1580026321878	510517	552710	516217	526071
1580026321879	408272	348703	366607	415900
1580026321880	307378	317706	291089	274050
1580026321881	186365	238586	183006	258475
1580026321882	22869	20075	17312	13136
1580026321883	163590	149278	185651	151403
1580026321884	330782	336754	306298	332536
1580026321885	248886	241157	236333	252234
1580026321886	340804	329862	317295	320154
1580026321887	300282	276382	281123	286364
1580026321888	320215	321792	351388	295861
1580026321889	17225	28325	11425	28230
1580026321891	296397	342653	333560	295564
1580026321892	241832	297711	268835	290850
1580026321893	235386	271492	247424	279187
1580026321894	214581	259867	244133	237961
1580026321895	233874	230358	252285	289833
1580026321896	397066	380485	401793	394484
1580026321897	247190	271569	288666	244377
1580026321898	375995	363195	364112	344765
1580026321899	312754	284839	339219	326116
1580026321900	207560	164175	222852	202797
1580026321901	289635	295747	290183	343885
1580026321902	358958	375076	334369	293844
1580026321903	388692	374880	384878	345925
1580026321904	296457	294178	289933	308447
1580026321905	272125	269016	261872	263868
1580026321906	421269	442254	465274	417803
1580026321907	383348	382767	361571	356833
1580026321908	361103	379702	409888	344530
1580026321909	267254	285886	335315	300494
1580026321910	237818	241283	254983	232802
1580026321911	501238	510284	448186	498085
1580026321912	420877	402776	435246	467524
1580026321913	173807	207068	207526	205069
1580026321914	382127	420544	389600	391674
1580026321915	332832	371179	369422	333138
1580026321916	465314	429104	498413	430038
1580026321917	457153	438717	553577	479930
1580026321918	533568	546141	531429	565228
1580026321919	539436	542978	542316	528040
1580026321920	428742	477353	428644	468976
1580026321921	435997	425485	478092	473813
1580026321922	439435	400812	451057	468255
1580026321923	388058	399073	406076	381682
1580026321924	478928	536010	446992	468346
1580026321925	544874	539345	486422	571119
1580026321926	450731	473261	455031	458408
1580026321927	628697	610710	612776	675021
1580026321928	485902	523106	522294	486267
1580026321929	740671	734143	649539	693720
1580026321930	684131	589037	618299	647576
1580026321931	592550	573849	662103	584838
1580026321932	589129	580009	624206	574920
1580026321933	567483	601626	612912	610882
1580026321934	660716	683364	638922	634339
1580026321935	634532	668778	644229	620398
1580026321936	616642	679661	630852	689151
1580026321937	574188	519035	532022	497504
1580026321938	504424	502949	508663	577793
1580026321939	709400	722681	758311	726209
1580026321940	711707	733019	779551	697088
1580026321941	696471	742048	721125	704510
1580026321942	688558	737294	700668	717279
1580026321943	739641	780969	717786	639476
1580026321944	671021	658333	684880	609354
1580026321945	676508	681345	631290	754111
1580026321946	759711	707673	732778	759948
1580026321947	713570	749651	756121	705810
1580026321948	784316	681831	762609	662294
1580026321949	754759	727303	718106	781334
1580026321950	767492	728686	683975	742958
1580026321951	702046	733193	693949	727237
1580026321952	666508	700760	642166	610212
1580026321953	467561	575198	554995	573685
1580026322111	363406	354923	411211	430466
1580026322112	736860	621746	650274	639197
1580026322113	691417	714715	805890	761882
1580026322114	674159	651935	602852	716218
1580026322115	611601	675538	699004	643193
1580026322116	691611	599542	672791	671291
1580026322117	592093	709055	612075	658356
1580026322118	727555	766265	708625	733662
1580026322119	739610	655606	801044	748652
1580026322120	643903	725084	665087	668849
1580026322121	625515	640200	566775	636215
1580026322122	349047	411070	384846	374978
1580026322123	374578	333842	311989	375825
1580026322124	578284	569189	589736	553066
1580026322125	645856	665326	603659	638324
1580026322126	658750	650965	667542	652736
1580026322127	685665	668610	712464	688693
1580026322128	644976	652619	662843	644653
1580026322129	649619	653054	601253	667273
1580026322130	621726	666960	597399	629825
1580026322131	653357	707856	650639	627383
1580026322132	635893	707109	618099	675316
1580026322133	636353	623158	707596	657031
1580026322134	678532	693273	626985	647565
1580026322135	677002	716947	671806	686570
1580026322136	729169	645463	664530	710798
1580026322137	779599	820220	773228	779217
1580026322138	621602	580688	581287	507925
1580026322139	579014	610039	633287	599421
1580026322140	740924	631680	680934	674628
1580026322141	763594	761739	725325	735170
1580026322142	728237	770280	700022	701395
1580026322143	675740	737231	715773	740520
1580026322144	751112	803847	809086	705435
1580026322145	765403	746222	838060	765400
1580026322146	774122	706509	749178	759306
1580026322147	727512	754081	748389	728332
1580026322148	712152	756144	732857	770243
1580026322149	800991	813432	791071	733886
1580026322150	758370	744155	760215	757491
1580026322151	735943	668844	740678	668908
1580026322152	762544	747484	764215	722376
1580026322153	733255	729600	760260	698551
1580026322154	762354	746404	741216	694664
1580026322155	801937	788914	710770	701846
1580026322156	789977	775641	798227	744164
1580026322157	755582	771020	768456	740306
1580026322158	711685	795405	756617	777746
1580026322159	769757	686562	744429	755044
1580026322160	789719	768132	759532	755425
1580026322161	731004	808660	812227	723751
1580026322162	791562	803341	756323	764050
1580026322163	629989	645547	678372	683299
1580026322164	787366	767821	746901	725917
1580026322165	722251	668011	737138	660569
1580026322166	753701	728624	719537	742063
1580026322167	742456	767079	728069	707496
1580026322168	754415	745890	778170	759683
1580026322169	681314	650560	632017	634423
1580026322170	817972	732197	697780	720015
1580026322171	764139	771101	782447	792703
1580026322172	827824	792136	706714	737614
1580026322173	708829	754464	700207	715652
1580026322174	768420	776519	772280	749446
1580026322175	751155	789691	772224	853652
1580026322176	746228	784897	798422	757161
1580026322177	672343	664003	716977	687641
1580026322178	757873	814329	738590	744807
1580026322179	708378	766467	723613	717657
1580026322180	751015	766616	851044	748227
1580026322181	712699	760711	778998	721578
1580026322182	723389	739053	735301	825458
1580026322183	785593	796698	672169	759157
1580026322184	768035	727493	731862	745394
1580026322185	699930	625044	710034	657757
1580026322186	810190	786810	800074	708458
1580026322187	745967	724132	757564	751700
1580026322188	754019	822552	765618	792401
1580026322189	627915	745511	624859	728772
1580026322190	708103	750157	749276	809441
1580026322191	777679	751168	805829	792738
1580026322192	791625	784730	761450	770322
1580026322193	803645	718225	724621	808679
1580026322194	782237	804568	805652	797168
1580026322195	780111	756820	755148	802628
1580026322196	767367	768677	770627	727443
1580026322197	813255	784033	774269	724600
1580026322198	771149	741481	728789	771158
1580026322199	731264	804185	758269	742668
1580026322200	744164	738654	756521	735832
1580026322201	707028	721955	750018	783559
1580026322202	679272	671124	761740	697529
1580026322203	811763	799897	770076	757703
1580026322204	798856	728004	757635	747012
1580026322205	755693	771965	755813	781326
1580026322206	445672	548811	506432	492705
1580026322207	371435	378766	342084	354663
1580026322208	410532	378452	364665	375814
1580026322209	710499	758617	777902	705382
1580026322210	716673	784229	820800	757565
1580026322211	699599	712240	731773	729820
1580026322212	699271	715562	782066	771015
1580026322213	748208	734979	739649	726714
1580026322214	702278	718212	718890	668476
1580026322215	703582	810049	800170	718844
1580026322216	728457	756372	746747	738258
1580026322217	808541	695983	778615	713449
1580026322218	744152	798070	722832	774314
1580026322219	708602	707088	784408	739268
1580026322220	742595	773480	686441	798209
1580026322221	804335	746925	726770	722154
1580026322222	707645	820867	710446	772986
1580026322223	722128	659177	721827	710507
1580026322224	713692	724075	775285	792021
1580026322225	790228	743632	771903	818526
1580026322226	758934	776578	773624	792071
1580026322227	714110	744787	689167	717201
1580026322228	731193	730761	759917	746212
1580026322229	704101	744890	785530	771466
1580026322230	845795	800684	794870	809370
1580026322231	746036	747122	778561	717127
1580026322232	757835	749519	743877	754424
1580026322233	765412	711170	764427	790857
1580026322234	793071	663684	701615	706362
1580026322235	800311	711791	747079	769802
1580026322236	762760	739582	700436	786025
1580026322237	756846	791766	837934	767843
1580026322238	581366	633035	673627	664457
1580026322239	421865	545334	484549	465298
1580026322240	349464	341023	290103	301455
1580026322241	646659	693327	655007	696985
1580026322242	778099	766054	737739	755939
1580026322243	706711	789087	763085	792665
1580026322244	689767	790475	701470	767116
1580026322245	776734	793909	668402	746698
1580026322246	649583	681163	649166	679747
1580026322247	771670	701934	722837	698774
1580026322248	656956	674530	653229	707130
1580026322249	653377	671745	798166	737892
1580026322250	722152	728363	745780	704184
1580026322251	716282	722248	633590	685926
1580026322252	802935	769210	767345	696867
1580026322253	693394	675689	682264	709750
1580026322254	758825	716028	679915	689399
1580026322255	461672	502415	437024	424937
1580026322256	418565	415704	416273	360538
1580026322257	636542	604223	672713	620228
1580026322258	843984	847632	776381	811251
1580026322259	867166	905850	829053	854480
1580026322260	884989	867488	845426	832368
1580026322261	907245	904572	909438	834701
1580026322262	985308	851604	897705	920735
1580026322263	916388	931689	967810	911350
1580026322264	995591	991792	907768	903807
1580026322265	823369	851282	850801	843641
1580026322266	980439	853898	889707	976003
1580026322267	904940	945171	974949	961749
1580026322268	989454	993238	932735	930165
1580026322269	877960	906801	857395	835938
1580026322270	894680	941611	936377	969528
1580026322271	799731	771449	873632	849408
1580026322272	915394	869369	841029	756173
1580026322273	458974	429380	409559	440899
1580026322304	757031	786746	665973	816653
1580026322305	874897	920442	968179	905171
1580026322306	951698	910360	906343	929511
1580026322307	686354	692962	753842	710882
1580026322308	650001	591083	622141	661621
1580026322309	516165	445951	491025	436127
1580026322310	453593	432024	425397	418229
1580026322311	562974	579261	526574	520728
1580026322312	597664	602355	539154	563866
1580026322313	634061	591679	588505	609305
1580026322314	595121	643411	595349	575655
1580026322315	610814	671144	619423	625323
1580026322316	618897	640262	641493	610656
1580026322317	611919	598754	646350	616307
1580026322318	647233	655415	602249	606047
1580026322319	578522	575406	611953	587142
1580026322320	502773	525655	482624	536259
1580026322321	575219	618292	564923	619631
1580026322322	619515	580063	599012	630903
1580026322323	675245	583280	605631	645187
1580026322324	602051	576816	678000	611513
1580026322325	602438	592203	541043	598914
1580026322326	542545	578927	625431	612788
1580026322327	630612	610832	638298	588554
1580026322328	640879	672865	598529	586952
1580026322329	616520	550405	590151	564469
1580026322330	498125	554151	545327	501385
1580026322331	632606	609329	598578	596762
1580026322332	632240	615913	659975	639651
1580026322333	642093	642662	660546	596964
1580026322334	603198	727315	640861	649047
1580026322335	669030	672224	623734	592159
1580026322336	630140	568016	578043	556133
1580026322337	574170	599155	557066	513965
1580026322338	592919	552477	553935	637927
1580026322339	452651	480392	455140	468308
1580026322340	370113	437251	372724	413025
1580026322341	341667	351652	376467	371882
1580026322342	375625	347894	405437	384642
1580026322343	520126	593250	547470	539874
1580026322344	388147	395759	355946	368294
1580026322345	244314	253432	203116	230181
1580026322411	214795	201605	219342	204404
1580026322412	734774	758022	793422	736399
1580026322413	803637	799035	871962	762870
1580026322414	753697	753865	729922	702150
1580026322415	840211	812528	811516	827219
1580026322416	731538	789652	671852	746620
1580026322417	800341	797133	783377	782484
1580026322418	522199	487689	503948	468539
1580026322419	556104	540655	553057	540955
1580026322420	584102	648043	630849	611231
1580026322421	651211	655986	651192	629477
1580026322422	566542	530478	549369	543978
1580026322423	802321	878063	812851	848973
1580026322424	808760	784412	822753	808740
1580026322425	749063	750473	683290	731406
1580026322426	803793	866311	798406	843447
1580026322427	701624	761142	735771	733816
1580026322428	855963	891505	839355	853456
1580026322429	820780	858857	910584	858913
1580026322430	424471	411477	438381	429331
1580026322431	448589	434672	453001	473793
1580026322432	505255	483678	525151	481274
1580026322433	551452	504071	576401	474041
1580026322434	382991	383461	407291	386091
1580026322435	520427	530190	555766	540756
1580026322436	498839	424836	466777	473025
1580026322437	526232	525600	447517	523283
1580026322438	528866	533053	465749	459187
1580026322439	495885	474802	491516	527292
1580026322440	514296	503110	443025	539851
1580026322441	769958	817308	775642	861629
1580026322442	560978	593900	621993	595072
1580026322443	536893	559731	523496	526930
1580026322444	676525	685612	657027	666731
1580026322445	834436	872726	870569	798872
1580026322446	461752	428189	443902	451966
1580026322447	571899	642511	660315	591276
1580026322448	810520	793107	810211	852633
1580026322449	698684	751053	730608	753134
1580026322450	746917	699384	792496	779706
1580026322451	808644	739882	806698	796441
1580026322452	654656	688184	698716	664880
1580026322453	824492	874022	785510	901769
1580026322454	736700	713753	701610	750478
1580026322455	777860	778291	827718	839224
1580026322456	789448	738887	709447	727927
1580026322457	803906	757269	775163	795436
1580026322458	805950	836523	772193	795591
1580026322459	695863	725366	776400	716630
1580026322460	841870	795124	784978	843657
1580026322461	662629	732582	684400	751448
1580026322462	933133	866015	855325	864580
1580026322463	771560	825019	825758	761202
1580026322464	847098	806627	798175	874223
1580026322465	830482	779246	915631	805107
1580026322466	855754	820665	884627	834627
1580026322467	901467	900639	895090	884147
1580026322468	958469	897562	931721	921973
1580026322469	939153	944725	914363	964574
1580026322470	891556	947547	916165	922132
1580026322471	938020	826670	940982	955061
1580026322472	887056	902635	946917	925728
1580026322473	785575	788454	799303	805488
1580026322474	958167	969957	856792	890143
1580026322475	923168	891568	960336	882260
1580026322476	905329	925910	850450	935923
1580026322477	962236	938050	916276	908290
1580026322478	912156	1001832	908486	904198
1580026322479	939133	979669	934635	934481
1580026322480	853032	856986	940755	866430
1580026322481	1001841	973125	949472	921936
1580026322482	968495	920625	787998	917815
1580026322483	939488	836404	898731	843512
1580026322484	936956	878347	959222	987787
1580026322485	873005	946067	955927	961264
1580026322486	832720	965221	905757	836224
1580026322487	941229	949310	996143	892076
1580026322488	884588	910786	978283	824727
1580026322489	834255	899759	964336	917739
1580026322490	864221	867405	889281	861293
1580026322491	891883	922056	1001548	916787
1580026322492	933693	916197	858405	868272
1580026322493	896541	957448	897075	962680
1580026322494	893214	887324	1016321	913344
1580026322495	902200	882287	895194	923242
1580026322496	903915	993220	942046	922225
1580026322497	949383	903132	845728	838940
1580026322498	884675	916680	846147	923691
1580026322499	904994	823099	941423	964126
1580026322500	905418	931421	894816	932478
1580026322501	857904	891792	805522	837495
1580026322502	668174	703241	710314	736071
1580026322503	323045	330394	355346	326409
1580026322504	519890	561338	496317	537316
1580026322505	888728	903600	813900	877076
1580026322506	498189	463291	522566	506474
1580026322507	770782	730786	730164	737296
1580026322508	905158	954854	965936	907730
1580026322509	949560	971903	891679	907371
1580026322510	894107	895643	862018	925832
1580026322511	858840	874228	912062	809714
1580026322512	910793	908062	883893	902383
1580026322513	912903	950629	929426	897246
1580026322514	887492	851254	940924	925165
1580026322515	912601	926858	930791	932120
1580026322516	948442	920770	919288	898889
1580026322517	943555	991511	939721	957116
1580026322518	909283	948759	914682	930095
1580026322519	943642	906262	910953	961174
1580026322520	923947	956668	950258	964321
1580026322521	790697	794877	814840	845782
1580026322522	826554	831132	851939	913539
1580026322523	899013	866096	907661	899979
1580026322524	860607	927584	951255	933033
1580026322525	948301	941082	990672	934188
1580026322526	886052	954340	852943	957087
1580026322527	915489	998405	951023	875215
1580026322528	885407	938397	946136	889745
1580026322529	914349	963364	961293	868501
1580026322530	945065	1015864	926455	885346
1580026322531	875901	905028	884896	931164
1580026322532	912530	938371	925208	902346
1580026322533	895489	975134	903322	953419
1580026322534	904449	897291	853050	883868
1580026322535	887730	877295	986433	952312
1580026322536	1008498	876911	932943	947629
1580026322537	903070	892330	942729	945146
1580026322538	875643	882073	840247	936194
1580026322539	939741	925486	910760	907347
1580026322540	949907	945887	918693	888376
1580026322541	963592	917821	890807	973815
1580026322542	928693	952748	900032	907298
1580026322543	881139	825701	924916	939008
1580026322544	958488	931371	950063	918354
1580026322545	863975	906856	954841	917089
1580026322546	876163	850598	776432	848248
1580026322547	949405	884505	950864	873178
1580026322548	898766	856426	973911	825289
1580026322549	871698	876789	801339	847423
1580026322550	708351	770167	745777	764351
1580026322551	716304	718999	763912	842700
1580026322552	977215	898996	990433	806422
1580026322553	877537	842824	940333	935284
1580026322554	926048	862143	892410	928123
1580026322555	876290	865280	983076	846552
1580026322556	937418	882919	915515	900462
1580026322557	815520	766793	737043	730068
1580026322558	936269	926970	831853	902992
1580026322559	803011	832705	853092	825138
1580026322560	923497	951794	910502	851599
1580026322561	913269	944396	937914	905875
1580026322562	861422	934906	980706	927135
1580026322563	863418	980722	945161	932451
1580026322564	931063	878444	907488	931005
1580026322565	939033	963506	954855	860885
1580026322566	962864	939340	902274	891767
1580026322567	947758	891405	966473	889032
1580026322568	894475	915706	948609	946242
1580026322569	903609	909334	897029	1030189
1580026322570	904871	893403	891922	860076
1580026322571	885862	934785	933875	830504
1580026322572	951958	900080	917662	913921
1580026322573	888042	975978	967051	924667
1580026322574	911570	916943	980345	938413
1580026322575	869803	846071	918594	849883
1580026322576	942488	863571	931765	926684
1580026322577	867193	848444	937090	914301
1580026322578	928572	879744	939271	921300
1580026322579	912504	978902	884208	943346
1580026322580	776624	869592	796653	856158
1580026322581	877234	963900	920813	817425
1580026322582	885449	983648	923667	933899
1580026322583	909128	949118	973043	935104
1580026322584	909636	928188	940725	932128
1580026322585	892435	914019	907006	940062
1580026322586	917396	901454	862623	888110
1580026322587	892980	866607	855183	844608
1580026322588	980977	909757	867691	958164
1580026322589	861692	998908	1018458	989387
1580026322590	937499	928543	938219	985409
1580026322591	931015	848845	947061	923972
1580026322592	847171	913055	873081	882299
1580026322593	965490	911542	892156	929467
1580026322594	544258	589425	577473	540216
